# Created by Octave 5.2.0, Thu May 28 13:25:30 2020 GMT <unknown@DESKTOP-MDGPATG>
# name: C
# type: scalar
1


# name: X
# type: matrix
# rows: 211
# columns: 2
 -0.15898599999999999 0.42397699999999999
 -0.34792600000000001 0.47076000000000001
 -0.50460799999999995 0.35380099999999998
 -0.59677400000000003 0.114035
 -0.51843300000000003 -0.172515
 -0.29262700000000003 -0.20760200000000001
 -0.15898599999999999 -0.043859599999999999
 -0.057603700000000001 0.14327500000000001
 -0.071428599999999995 0.27193000000000001
 -0.29723500000000003 0.34795300000000001
 -0.41705100000000001 0.20175399999999999
 -0.44009199999999998 0.0087719300000000007
 -0.32488499999999998 -0.032163700000000003
 -0.24654400000000001 0.055555599999999997
 -0.21889400000000001 0.20175399999999999
 -0.34331800000000001 0.16081899999999999
 -0.50921700000000003 0.078947400000000001
 -0.384793 -0.090643299999999996
 -0.14976999999999999 0.12573100000000001
 -0.195853 0.32456099999999999
 -0.039170499999999997 -0.21929799999999999
 -0.108295 -0.30116999999999999
 -0.186636 -0.33040900000000001
 -0.21889400000000001 -0.42397699999999999
 -0.0806452 -0.56432700000000002
 0.066820299999999999 -0.517544
 0.094469999999999998 -0.32456099999999999
 0.186636 -0.16666700000000001
 0.062212000000000003 -0.073099399999999995
 0.0207373 -0.195906
 0.029953899999999999 -0.34210499999999999
 -0.099078299999999994 -0.377193
 -0.0069124399999999997 -0.46491199999999999
 0.13133600000000001 -0.42982500000000001
 0.23271900000000001 -0.195906
 0.085253499999999996 -0.084795300000000004
 -0.13133600000000001 -0.236842
 0.00230415 -0.12573100000000001
 0.12212000000000001 -0.0029239800000000001
 -0.34792600000000001 -0.312865
 -0.22811100000000001 -0.12573100000000001
 -0.076036900000000004 0.0146199
 0.0437788 0.020467800000000001
 0.0115207 0.154971
 -0.41705100000000001 -0.16081899999999999
 -0.315668 -0.31871300000000002
 0.12672800000000001 -0.21929799999999999
 0.205069 -0.312865
 0.21889400000000001 -0.45906400000000003
 0.071428599999999995 -0.64619899999999997
 -0.13133600000000001 -0.605263
 -0.209677 -0.58187100000000003
 -0.22811100000000001 -0.42982500000000001
 -0.14516100000000001 -0.41228100000000001
 -0.066820299999999999 -0.482456
 0.13594500000000001 -0.51169600000000004
 0.26958500000000002 -0.40643299999999999
 0.29723500000000003 -0.29532199999999997
 0.27419399999999999 -0.172515
 0.25575999999999999 -0.049707599999999998
 0.22350200000000001 -0.049707599999999998
 0.182028 -0.084795300000000004
 0.15898599999999999 -0.154971
 0.071428599999999995 -0.21345
 0.016129000000000001 -0.26608199999999999
 -0.025345599999999999 -0.38304100000000002
 -0.0115207 -0.482456
 -0.00230415 -0.50584799999999996
 0.025345599999999999 -0.51169600000000004
 0.025345599999999999 -0.55847999999999998
 0.0115207 -0.65789500000000001
 -0.048387100000000002 -0.64619899999999997
 -0.085253499999999996 -0.55263200000000001
 -0.099078299999999994 -0.5
 -0.016129000000000001 -0.42397699999999999
 0.13133600000000001 -0.359649
 0.22350200000000001 -0.37134499999999998
 0.29262700000000003 -0.30116999999999999
 0.26036900000000002 -0.20760200000000001
 0.200461 -0.22514600000000001
 0.17281099999999999 -0.27193000000000001
 -0.13133600000000001 0.090643299999999996
 -0.14976999999999999 0.073099399999999995
 -0.24193500000000001 0.0614035
 -0.30184299999999997 0.17836299999999999
 -0.29723500000000003 0.195906
 -0.27419399999999999 0.30701800000000001
 -0.32488499999999998 0.29532199999999997
 -0.39861799999999997 0.26608199999999999
 -0.43548399999999998 0.16081899999999999
 -0.47234999999999999 0.078947400000000001
 -0.33871000000000001 0.043859599999999999
 -0.26958500000000002 0.043859599999999999
 -0.25575999999999999 0.102339
 -0.16820299999999999 0.26608199999999999
 -0.112903 0.30116999999999999
 -0.039170499999999997 0.34795300000000001
 -0.12672800000000001 0.44152000000000002
 -0.23271900000000001 0.44152000000000002
 -0.33871000000000001 0.41812899999999997
 -0.41244199999999998 0.35380099999999998
 -0.50921700000000003 0.21929799999999999
 -0.54147500000000004 0.0146199
 -0.50460799999999995 -0.12573100000000001
 -0.49078300000000002 -0.14327500000000001
 -0.36175099999999999 -0.13742699999999999
 -0.26958500000000002 -0.084795300000000004
 -0.22350200000000001 -0.078947400000000001
 -0.186636 -0.038011700000000002
 -0.15437799999999999 -0.0087719300000000007
 -0.112903 0.055555599999999997
 -0.085253499999999996 0.13742699999999999
 -0.085253499999999996 0.27777800000000002
 -0.16820299999999999 0.30116999999999999
 -0.191244 0.195906
 -0.14055300000000001 -0.049707599999999998
 -0.029953899999999999 0.067251500000000006
 -0.200461 -0.230994
 -0.108295 -0.084795300000000004
 0.034562200000000001 0.067251500000000006
 0.0806452 0.119883
 -0.38536900000000002 0.033040899999999998
 -0.38122099999999998 0.13128699999999999
 -0.35218899999999997 0.258187
 -0.35426299999999999 0.36462
 -0.41440100000000002 -0.069298200000000004
 -0.49942399999999998 -0.032456100000000002
 -0.29827199999999998 -0.097953200000000004
 -0.31693500000000002 -0.183918
 -0.36877900000000002 -0.29035100000000003
 -0.35633599999999999 -0.39678400000000003
 -0.27131300000000003 0.0043859600000000004
 -0.17799499999999999 0.086257299999999995
 -0.24642900000000001 0.143567
 -0.25057600000000002 0.22953200000000001
 -0.22154399999999999 0.37690099999999999
 -0.21532299999999999 0.29502899999999999
 -0.1303 0.217251
 -0.20702799999999999 0.028947400000000002
 -0.097119800000000006 0.21315799999999999
 -0.039055300000000001 0.258187
 0.0190092 0.40146199999999999
 -0.036981600000000003 0.42193000000000003
 -0.0639401 0.33187100000000003
 -0.1303 0.37690099999999999
 -0.375 -0.43771900000000002
 -0.39573700000000001 -0.35175400000000001
 -0.35426299999999999 -0.20848
 -0.43721199999999999 -0.37631599999999998
 -0.48076000000000002 -0.503216
 -0.41025299999999998 -0.46637400000000001
 -0.248502 -0.257602
 -0.227765 -0.31491200000000003
 -0.28375600000000001 -0.38450299999999998
 -0.29205100000000001 -0.454094
 -0.337673 -0.51959100000000003
 -0.27753499999999998 -0.54824600000000001
 -0.20702799999999999 -0.53596500000000002
 -0.18629000000000001 -0.478655
 -0.13237299999999999 -0.50731000000000004
 -0.17799499999999999 -0.29853800000000003
 -0.16555300000000001 -0.175731
 -0.16140599999999999 -0.126608
 0.00034562200000000002 0.258187
 0.079147499999999996 0.356433
 -0.026612899999999998 0.18040900000000001
 -0.053571399999999998 0.078070200000000006
 -0.014170500000000001 -0.052923999999999999
 -0.070161299999999996 -0.16345000000000001
 -0.0639401 -0.29444399999999998
 -0.0307604 -0.46637400000000001
 -0.057718899999999997 -0.52777799999999997
 -0.053571399999999998 -0.39678400000000003
 0.052188900000000003 -0.41725099999999998
 -0.0162442 -0.167544
 -0.0639401 -0.085672499999999999
 -0.061866400000000002 -0.0160819
 -0.0038018399999999999 0.0043859600000000004
 0.041820299999999998 0.20497099999999999
 0.079147499999999996 0.19269
 0.0459677 0.25409399999999999
 0.118548 0.19269
 0.110253 0.086257299999999995
 0.10818 -0.069298200000000004
 0.166244 -0.024268999999999999
 0.14135900000000001 0.065789500000000001
 0.143433 0.168129
 0.17039199999999999 0.19269
 0.10818 0.29912300000000003
 0.118548 0.31959100000000001
 0.12684300000000001 0.39327499999999999
 -0.086751200000000001 0.42193000000000003
 -0.047350200000000002 0.50789499999999999
 0.0252304 0.52017500000000005
 0.062557600000000005 0.55292399999999997
 -0.00587558 0.44239800000000001
 -0.0514977 0.57339200000000001
 -0.080530000000000004 0.50789499999999999
 -0.153111 0.55292399999999997
 -0.111636 0.54883000000000004
 -0.16347900000000001 0.49152000000000001
 -0.25264999999999999 -0.18801200000000001
 -0.24642900000000001 -0.036549699999999997
 -0.32108300000000001 -0.43362600000000001
 -0.33145200000000002 -0.60555599999999998
 -0.38536900000000002 -0.51549699999999998
 -0.39988499999999999 -0.62192999999999998
 -0.12407799999999999 -0.126608
